     0	   -3.08388001228656096066151095e-31	    0.00000000000000000000000000e+00
     1	    4.97570552204889475969084357e-30	    5.12000000000000000000000000e+02
     2	   -3.08712534342944733130049702e-31	   -3.37373788978722619489923584e-30
     3	    1.13700297290446651948976050e-30	    8.46028690657811572728056884e-32
     4	   -3.30735715991273342120694152e-31	   -1.23116962464332078303964191e-30
     5	    2.25631363774644903777021865e-30	    3.14012720418697408351856745e-31
     6	    5.52095725749541956153971833e-32	   -2.76832819647613838736144029e-30
     7	    7.19918630859878942291946677e-31	   -4.55924225512862599595254175e-33
     8	    5.59074530173738714847734475e-32	   -2.80594994082050072851727173e-30
     9	   -1.08289582530432287664828969e-30	   -3.95453619802145852830520339e-31
    10	   -4.47278304950703055566910277e-31	   -8.19197667188304568288168133e-31
    11	   -1.99869042643049870131595890e-31	   -3.06785527893809043888029120e-31
    12	   -1.08197641542925029585619137e-30	   -9.05688360717386666050407119e-31
    13	   -3.82377636917891232696095414e-31	    7.11739939828324516339868386e-31
    14	   -4.68492529780221183037404081e-31	   -5.32683292079125142556134117e-31
    15	   -3.54777258283638120747797796e-31	    9.85383690548885643634671496e-31
    16	    4.00980384297762135273135298e-31	   -6.38659121898620910973931483e-32
    17	    1.29573416108059207421265130e-31	    1.93791591105631651243282296e-31
    18	    3.74708915150971654073353628e-33	   -7.30678778629379729466132746e-32
    19	    6.07275987688913140280351839e-31	    4.11449496360458645712028145e-31
    20	    2.94921415026963524494777242e-31	   -6.59282325984773556047920625e-31
    21	    3.34307212912390362284560540e-31	    1.61189479354055421083817638e-31
    22	    3.71838764129505778612046358e-31	   -8.70333896949759143615391829e-31
    23	   -1.71786542013395959770566838e-31	   -2.51777865767354366080946309e-31
    24	   -2.51969076432029746401830534e-32	   -4.18497531054112864036721210e-31
    25	    8.63302759181925782895776016e-32	   -2.24404050558744000257243662e-31
    26	   -3.70987279700966759762246371e-31	   -6.40489803408184336738523140e-31
    27	   -2.19964704264124461519167779e-31	    1.71365474412330713818531577e-31
    28	   -2.48789517765937249375393364e-31	   -4.27968564040671667960744134e-31
    29	   -3.52319110930794783018162808e-31	    3.68434825991606108334213504e-31
    30	    6.37529075296582230036552902e-32	   -1.44367519149039381302580639e-32
    31	   -1.66270098374353230904987903e-32	    1.26712104153883868836907764e-31
    32	   -1.26789882226722877828331729e-31	   -1.25204587496699519901501391e-32
    33	    2.38520144919970847452300196e-31	    3.85864244170974672262757124e-31
    34	    1.76495813670548558718998807e-31	   -2.44949683874736085384547209e-31
    35	    2.06606832800385112938972600e-31	    2.46822023691477008060615112e-31
    36	    3.53155012398219371623703831e-31	   -3.83052440974173323890459662e-31
    37	    3.19853955615484064270344725e-32	   -1.25985945710594424703099669e-31
    38	    7.82792139725131725937680559e-32	   -2.41698196497902559648757990e-31
    39	    1.96413900021689852815129197e-31	   -1.22486986477581843437746512e-31
    40	   -9.57055389815106951636836367e-32	   -5.00800425732316037321052981e-31
    41	   -8.18296908101752683978239116e-32	    1.12423787024067653289576797e-32
    42	   -1.09665408187394555854573045e-31	   -4.08608880324467897689195929e-31
    43	   -2.82596198118147579898588983e-31	    1.06985902290291268728933589e-31
    44	   -3.35179320925207655998403189e-32	   -6.42337096960561196384713140e-32
    45	   -5.89792917835604498378385962e-32	    4.13034325503464000704713419e-32
    46	   -1.85762969919903230584235020e-31	   -6.24058195285405470913669431e-32
    47	    4.58406231879359854647531216e-32	    3.06943597560818424705210586e-31
    48	    5.84080787453136815886894432e-32	   -1.09364005451437874302481647e-31
    49	    8.08368021822888960689251124e-32	    2.71442804321561111672948400e-31
    50	    2.70323072124563309871859009e-31	   -1.46449016767798644762306665e-31
    51	    7.95325278926454393765885978e-32	   -2.40464649554407509364013566e-32
    52	    9.26204897338004013856806958e-32	   -1.15029979806932991409873120e-31
    53	    2.28403256442772343244658728e-31	   -1.09990403590015823121766498e-32
    54	    5.04338852858251444998465906e-32	   -3.64369910353721526740227335e-31
    55	    2.67130515051243769412143943e-32	   -1.61171656409554406124989025e-32
    56	    1.50060589347895158887958967e-32	   -3.66085524495578631178814545e-31
    57	   -1.81438845094575011750888807e-31	   -2.48005284275934189185213240e-32
    58	   -3.68444913902821355605245174e-32	   -1.12667927588016682194512014e-31
    59	   -4.05570397348121440593442808e-32	   -3.03964804291554144238676421e-32
    60	   -1.82690642074214772178989245e-31	   -1.36911628810645440256973902e-31
    61	   -5.15448012526739453863884796e-32	    2.02483041813691840849377355e-31
    62	   -2.55815090007943981847267985e-32	   -9.01449058865705304753102601e-32
    63	   -2.82822521743427989098847697e-32	    2.40269841193719748940676896e-31
    64	    1.67804788348529038870420835e-31	   -3.21607431251536250607917161e-32
    65	    6.01908871566408249500545318e-32	    3.80126308783064200926993513e-32
    66	    5.60218412075612578243072582e-32	   -3.23334959687383828452710887e-32
    67	    2.01552608060068984253345757e-31	    8.53001619348483476121580339e-32
    68	    1.11480454387850108042759579e-31	   -2.33407423072351737635778017e-31
    69	    8.92145507123907755477971374e-32	    2.07970855708752731306882406e-32
    70	    1.09708948234954566342253095e-31	   -2.89450324937113879424468828e-31
    71	   -7.92098656237518418946466555e-32	   -7.25756664619110838190329789e-32
    72	   -9.86975870741423379031720549e-35	   -1.30242258661584159440491701e-31
    73	    1.24773673751725722367954204e-32	   -6.77441847475136430053968905e-32
    74	   -1.32158024483055897182420767e-31	   -1.96571550332150725009095819e-31
    75	   -7.66765841643336947660434521e-32	    1.01516601596724770466939513e-31
    76	   -6.06194453953466790679217128e-32	   -1.22762376667435553932246570e-31
    77	   -1.00427200488787851160965434e-31	    1.70239219758223636937763950e-31
    78	    7.62547367112062563592374041e-32	    2.56577399309347371569254999e-33
    79	    1.88882773811907637117716871e-32	    5.55251307069162389445634585e-32
    80	   -2.83211085219773491218431198e-33	    1.86897751128856540600398656e-33
    81	    1.36715033994566542733302957e-31	    1.45793674250770077804081631e-31
    82	    1.09533564278175161263828789e-31	   -1.27103629130361449486947572e-31
    83	    1.00318243496529021829691600e-31	    7.89477371171016262952641567e-32
    84	    1.59904864251281064934018516e-31	   -1.93113564885564572725181019e-31
    85	   -4.79032089147834666962930816e-34	   -6.39098743670338869758759794e-32
    86	    4.10063866329195372448190205e-32	   -1.12774876750017940988101735e-31
    87	    7.30477385927792876585060724e-32	   -6.35747969157608063145884651e-32
    88	   -5.69644400158097672916183391e-32	   -2.20337627612885262255327492e-31
    89	   -5.14105729567219075487378982e-32	    2.83385501959216544333770495e-32
    90	   -4.76307994636474369820072156e-32	   -1.64864344649942565396775707e-31
    91	   -1.25774008029345584278289975e-31	    8.61712126144297331846562077e-32
    92	    1.59328490473369824099451023e-32	   -1.05664353888385652369705388e-32
    93	   -1.39988702328840434733793472e-32	    3.72598583193921333723100537e-32
    94	   -5.69734556022410405005924049e-32	   -8.41902179985687101501804072e-33
    95	    5.97352446628237733847581728e-32	    1.61488498522849865285007995e-31
    96	    6.95556126445346915338513966e-32	   -6.12800348489968402658327670e-32
    97	    6.87922353062318120617738689e-32	    1.26336447251492458032371933e-31
    98	    1.63242219536085042574000227e-31	   -9.98478088044797577680910930e-32
    99	    4.14322954533368414607480898e-32	   -2.65806241515220731849531517e-32
   100	    6.30724440179566671304618093e-32	   -7.17905753906382137986573909e-32
   101	    1.17184625154322786350547482e-31	   -2.48524030269967906961215948e-32
   102	    1.69852955425910393973148323e-32	   -2.03692801887564862905991562e-31
   103	   -2.24317724423098283869532586e-33	   -3.97470357732661105926000022e-33
   104	   -1.14692058132212623392109452e-33	   -1.88150799043007660668514477e-31
   105	   -1.08481290531445912922058516e-31	    1.29961560158086765326932494e-32
   106	   -6.37153692351138896682003093e-33	   -4.18558449812520938952936754e-32
   107	   -2.16072406879704038339023433e-32	    1.66824235103706202983514427e-33
   108	   -8.61231449516172657131646863e-32	   -4.83804412915069571211474146e-32
   109	   -4.50409455587283480817141310e-33	    1.37365646281750525238529339e-31
   110	    1.90911651942055092530048452e-32	   -4.03059981176473379859850886e-32
   111	    1.41758238442660257368853672e-32	    1.43726948848362324565754381e-31
   112	    1.30427850903622932015895176e-31	   -3.01061450876636650571554289e-32
   113	    4.69117559558368739352471749e-32	    1.32328882561750738622580213e-32
   114	    5.66803460362768014854127406e-32	   -2.66191128148841049357571958e-32
   115	    1.30155994192339008246643675e-31	    3.09245002036038691447352559e-32
   116	    6.81765101672491462172166423e-32	   -1.56584943867692197219200302e-31
   117	    4.43600816793369219650193799e-32	    3.53593705798427355506050838e-33
   118	    5.65509424699027368957774303e-32	   -1.79506401621150017479042308e-31
   119	   -6.42061763305658202407734736e-32	   -3.17888930334904805315176269e-32
   120	    2.71499152699925865027949230e-33	   -6.69465240263668712281206459e-32
   121	   -1.53306980794658353548161353e-33	   -3.01162917780697718968114021e-32
   122	   -8.16330826566946999220479622e-32	   -9.66632549667688782061809091e-32
   123	   -3.90737586761369217153147067e-32	    8.97675692683461725126346946e-32
   124	   -1.78913865915596413310003366e-32	   -5.55235170018226935849793529e-32
   125	   -4.02018005658717893407339781e-32	    1.26682764197413266154699946e-31
   126	    8.07606085957487778842991513e-32	    5.18152377617047133473256261e-33
   127	    2.80266034832482091965522295e-32	    3.66116375872770187975692248e-32
   128	    2.61796732844499816291443131e-32	    3.96380779115985091465632697e-33
   129	    1.10016365126153090701808063e-31	    8.25312389592134508053626752e-32
   130	    8.56257554850650775462366472e-32	   -9.80715972466426723726455059e-32
   131	    6.87419998699731564416689023e-32	    3.74995208623697805942728153e-32
   132	    1.03298425572749343491430112e-31	   -1.40898179764888991066701744e-31
   133	   -1.38356915392571342211582274e-32	   -4.26937944399613553579614938e-32
   134	    2.73065880928574963161269483e-32	   -7.16995250702212192989445184e-32
   135	    3.63029450010686618102605919e-32	   -4.17622436758537953921063883e-32
   136	   -4.78901308043977541747170949e-32	   -1.32485399967099711030237175e-31
   137	   -3.93854975302573958550782987e-32	    4.00983564123545508062788589e-32
   138	   -2.71412416587246399016247727e-32	   -8.88004795625177546295165175e-32
   139	   -7.50173611738419167804894730e-32	    8.40934267852333808332815349e-32
   140	    3.49353089743913087988905980e-32	    7.40576781594271750958999994e-33
   141	    2.91199286758255650319165181e-33	    3.61534279109838520996234164e-32
   142	   -1.42167201133390632153018905e-32	    8.72337968331789528378434811e-33
   143	    6.68656217115316641078548224e-32	    1.12623802352884823898714732e-31
   144	    7.12987772631950238104250678e-32	   -4.87365891727787722071283217e-32
   145	    6.29564165288224094140872361e-32	    7.79252810405554052516378309e-32
   146	    1.24218943450690576057085502e-31	   -8.56797393708021924674693070e-32
   147	    2.40495803547191639156368694e-32	   -2.64021791712222181248585258e-32
   148	    4.90989592745694190792253380e-32	   -5.44685424813410607443039244e-32
   149	    7.51958880024951009595203123e-32	   -2.70175462632686588397706881e-32
   150	    6.05830611474652295651127708e-34	   -1.42420358139996127026827392e-31
   151	   -1.33316330815064405341153499e-32	    7.19475473962348112796916719e-33
   152	   -7.16881718904301309953111596e-33	   -1.19277772053900337694803511e-31
   153	   -8.07945709668884901948911736e-32	    3.29823646625623448181395230e-32
   154	    7.95138973103656316452524600e-33	   -1.16238065829298453639977388e-32
   155	   -1.16803434185256054579901726e-32	    1.63612373863085231841226233e-32
   156	   -4.70846335726109994762309665e-32	   -1.24660947256604525488909299e-32
   157	    1.80951696392063564426787751e-32	    1.13479824645777587923324746e-31
   158	    3.80331371273810212232798926e-32	   -2.33175107613815520889757206e-32
   159	    3.17065651033279513122371615e-32	    1.05686997860678447729787627e-31
   160	    1.15795663838119389695973980e-31	   -3.19791779645735241753185106e-32
   161	    3.92290328664000314462077685e-32	    2.25416601175133249221058396e-33
   162	    5.44002994022840904846315865e-32	   -2.43534502156020452443866280e-32
   163	    9.88780677726208913596476263e-32	    8.98730005108664306463695460e-33
   164	    4.54079534062738311520192740e-32	   -1.24302442252440988469788088e-31
   165	    2.28084038754917059866076839e-32	    1.11333144877450890018412436e-33
   166	    3.20300423264180338181955341e-32	   -1.30639317911427605992891993e-31
   167	   -5.98612931973942042693370238e-32	   -8.71286527584132539663350215e-33
   168	    4.65871169615928367551794555e-33	   -3.51566963107566710362066954e-32
   169	   -6.31918563170940462976451967e-33	   -9.86357701121221390665005863e-33
   170	   -5.89036967939418252721601425e-32	   -4.94356150043547385550677790e-32
   171	   -1.85716352071479878904456498e-32	    8.89335753477949930082398530e-32
   172	    3.87552620113085380137060212e-33	   -2.59971682667068428826908468e-32
   173	   -1.09693501125192332475986812e-32	    1.09091232060226231629656728e-31
   174	    8.56298319770726359838408059e-32	    4.65627897979694865930886804e-33
   175	    3.23542603907060587327844003e-32	    2.68170593875107856770596862e-32
   176	    3.88491823922310330981388223e-32	    4.00633180869333467523917955e-33
   177	    9.79080116573937898785903581e-32	    5.26759843630206533453351300e-32
   178	    7.12368418283775778531532338e-32	   -8.69243225523665381884153160e-32
   179	    5.10637356646282349455913166e-32	    2.04456734570577934156041448e-32
   180	    7.40078005500664462503583654e-32	   -1.16263090323716618478804200e-31
   181	   -2.39886424190798115583006896e-32	   -2.88584428952400971470588569e-32
   182	    1.93718566663372646563297787e-32	   -4.82980608133050391973771397e-32
   183	    1.81254324687060614829520405e-32	   -2.74701077097451869937399493e-32
   184	   -4.51361220991787294555843472e-32	   -8.63392767295656388198167342e-32
   185	   -3.16742750882265375882431647e-32	    5.20139073321654975477021252e-32
   186	   -1.49930801344614346201303964e-32	   -4.98381562744289524377921636e-32
   187	   -4.79415302525872405826907974e-32	    8.72635878219754732640044435e-32
   188	    4.82614155185966687372143121e-32	    1.68413305532901854421763930e-32
   189	    1.32500006154884705204525388e-32	    3.56993470544074554048692601e-32
   190	    8.24650931044163412576090721e-33	    1.71330892996502644007342586e-32
   191	    7.30107890184001689886798069e-32	    8.79189215273787811644723940e-32
   192	    7.14581021494516829129656649e-32	   -4.58047310023575614870441646e-32
   193	    5.85668666490109590474679066e-32	    5.39363800925201686430685507e-32
   194	    1.02703473226240707355699198e-31	   -8.05209281646499458647314101e-32
   195	    1.11597120519048724151457526e-32	   -2.50303310542986128053759979e-32
   196	    3.94335349084163237533984397e-32	   -4.35296733427114992340850300e-32
   197	    5.17493162508547573377683291e-32	   -2.57328238340100088865552717e-32
   198	   -1.15503853676028769469353029e-32	   -1.08162643945898029832454546e-31
   199	   -1.98780962084928341893407901e-32	    1.93422502249525649766972642e-32
   200	   -1.01367748875981561534536115e-32	   -8.03161942539917292299038156e-32
   201	   -6.57622997192518036667654207e-32	    4.93540877725356887181889458e-32
   202	    1.88272525683975296741555074e-32	    7.33118844247400978459533871e-33
   203	   -4.10433180648254264062151672e-33	    2.62714851269012050653268612e-32
   204	   -2.45909007560512862218478524e-32	    8.39976125283586377193239362e-33
   205	    3.43064532231187235799956051e-32	    1.02554230518224785299860573e-31
   206	    5.00087504063024672718302987e-32	   -1.67398537777711125332472036e-32
   207	    4.19928564851058665713763957e-32	    8.55871533947274222798861314e-32
   208	    1.08534943053908208213830680e-31	   -3.59741816631020698487787179e-32
   209	    3.25281559858475495258612117e-32	   -4.40442036137954219458659777e-33
   210	    5.11591140209989750583486563e-32	   -2.29638891049409719679547061e-32
   211	    8.03055034689205519076411671e-32	   -2.57967800902153903051837081e-33
   212	    2.85088943982786040726995809e-32	   -1.06593978790187279360881809e-31
   213	    8.17867913986914564854410924e-33	    4.50719333106303669815620187e-33
   214	    1.65246074481339729553383671e-32	   -1.01438123369906443636351712e-31
   215	   -5.95120371616651861158472707e-32	    1.00844132861243984575570661e-32
   216	    7.04073585129587781654980685e-33	   -1.30690689454712270510926942e-32
   217	   -7.82984149974193485535335752e-33	    5.13713436097633108541507076e-33
   218	   -4.55637672199179945736318694e-32	   -1.93616373392974531250339761e-32
   219	   -3.05896379946115838824724102e-33	    9.30780943915000276989725221e-32
   220	    1.92237876485993948367848485e-32	   -9.61500172297848984143094789e-33
   221	    8.13794880720021841675069850e-33	    1.01201337663316116300141035e-31
   222	    9.15642047097850625053936800e-32	    2.26654650333042815165579860e-33
   223	    3.46333093801491956072283485e-32	    2.00655512567229263616322542e-32
   224	    4.57717140850613074620204836e-32	    3.35713257597708859057346037e-33
   225	    9.13923496332354407636240319e-32	    3.47631173866223579575323572e-32
   226	    5.97029556768292560384951363e-32	   -8.30542231614476994033658086e-32
   227	    3.78300973886467944517487143e-32	    1.29256960055323997938264039e-32
   228	    5.41747998031736079810344581e-32	   -1.02043525909705792455958062e-31
   229	   -3.40239907885385446104836752e-32	   -1.64817888614872824363894592e-32
   230	    1.37486557726971916895291259e-32	   -3.06070876190260588490563771e-32
   231	    6.82607182374161095905432495e-33	   -1.53071405740608614956794157e-32
   232	   -4.53015057460984423746815292e-32	   -5.51900867052174975728008859e-32
   233	   -2.51316283607208932248373009e-32	    6.57586271036848850503061870e-32
   234	   -5.45775865266865003925415681e-33	   -2.47814821728386171083387690e-32
   235	   -2.93858069383144165168738456e-32	    9.38506091744427085618142905e-32
   236	    6.07191748400341246946916965e-32	    2.27523757893540684361092004e-32
   237	    2.11863158069689872354003508e-32	    3.55070420812797747779715767e-32
   238	    2.30290397790924833658706433e-32	    2.22770673261963975832992932e-32
   239	    7.96836035802417142340059874e-32	    7.29231867445760342319329806e-32
   240	    7.08927621904878772301856720e-32	   -4.78134102995291733102063620e-32
   241	    5.44830982702744667540438631e-32	    4.00780007916744950207015821e-32
   242	    8.78935535025576275096112147e-32	   -7.99101531841772692106159745e-32
   243	   -1.23020122560527258889310986e-33	   -2.24993862615115588950431960e-32
   244	    3.12593885420541962178754141e-32	   -3.45679162659264711556909113e-32
   245	    3.56095436883868671955579688e-32	   -2.25365909362916936457157756e-32
   246	   -2.30934118291517558526666055e-32	   -8.46121104672566319955609404e-32
   247	   -2.47107176860363699670362444e-32	    3.38751264350074090782547252e-32
   248	   -1.17856917998830626098745145e-32	   -5.32810172083021033683118844e-32
   249	   -5.59249275544105461777804808e-32	    6.62524920063358780158287247e-32
   250	    2.95705069909597942011613464e-32	    2.20774377353622038645433634e-32
   251	    2.88248476660830673751164061e-33	    3.46322420906854859005127364e-32
   252	   -8.80623608779107678529125297e-33	    2.34537958382071248254541094e-32
   253	    4.91756500059432843131714791e-32	    9.79886800236116225174578898e-32
   254	    5.95337904072538463951748741e-32	   -1.56292322728401638920704897e-32
   255	    4.94745564321298434029350066e-32	    7.36762922277610251369865722e-32
   256	    1.04818001816621302944409868e-31	   -4.21860850360277313558627392e-32
   257	    2.51732239785259269185624458e-32	   -9.11911967155319937492707088e-33
   258	    4.71596539501309247230527559e-32	   -2.17428288295523973923679528e-32
   259	    6.71740960888184803786556014e-32	   -9.46742511355316433391769206e-33
   260	    1.27657269278429971644615958e-32	   -9.56483025610062531676419791e-32
   261	   -4.13770607127854825490532874e-33	    1.22193473876700991882631468e-32
   262	    4.45379164021742896849562473e-33	   -8.07188157437858362324083974e-32
   263	   -6.17129602775764567676382482e-32	    2.92557998899655631197685606e-32
   264	    1.04518058883137967917999192e-32	    5.80569556636913118069631368e-33
   265	   -7.60325843179963233950501274e-33	    1.87321964634535898522671767e-32
   266	   -3.65540802903966375630624218e-32	    4.00666294704616275448312500e-33
   267	    1.16082348057289110186084792e-32	    1.01306008673776486712595955e-31
   268	    3.25880788832264748884710519e-32	    3.34944336870772082831655410e-34
   269	    2.34451763088104404137086343e-32	    9.88638846591804079585973248e-32
   270	    9.92472258477464920069713943e-32	   -2.10353790161789006354760784e-33
   271	    3.55396685186371495702524697e-32	    1.45079385139006269563482611e-32
   272	    4.99927375096285565568148584e-32	    2.36522663200100312167104446e-33
   273	    8.79621487820705257399616788e-32	    2.23019359201140000270574706e-32
   274	    4.83158078892839404076052225e-32	   -8.38054980641954908435625715e-32
   275	    2.57501376872966793775587989e-32	    1.10510686806319272455570973e-32
   276	    3.78790543842805000565170963e-32	   -9.32023738273894203172932605e-32
   277	   -4.56435102531723213513774283e-32	   -2.85474190222038616661406315e-33
   278	    9.30273112912062704738476822e-33	   -1.43122548844689196961334315e-32
   279	   -1.36700206842810222096496936e-33	   -3.00688392426814696097951586e-33
   280	   -4.77798833737641163443870939e-32	   -2.99743993394270077120562034e-32
   281	   -1.82962801974900375024445493e-32	    8.31632031195818770698515736e-32
   282	    3.62817703140000136862368173e-33	   -6.08472695709941240881564147e-33
   283	   -1.40679622403480368030410583e-32	    1.04273764589068510188304141e-31
   284	    7.47180869091183783627758066e-32	    2.66405547171545558306168617e-32
   285	    2.82490755665031187823695377e-32	    3.55050552701177991656895047e-32
   286	    3.44701645070302996446613889e-32	    2.60354131599475596909097499e-32
   287	    8.80611695739500618000734632e-32	    6.28785629297404453064036282e-32
   288	    6.96255040431614497123354092e-32	   -5.40612814023884463690296668e-32
   289	    5.00717928464649358691892472e-32	    3.18837007003774871078054334e-32
   290	    7.58028994538177887153285917e-32	   -8.29936850618055614349900066e-32
   291	   -1.54530186556222229960974582e-32	   -1.83156944173442146191489153e-32
   292	    2.32889504211841077229022058e-32	   -2.56408030436453421087494913e-32
   293	    2.25932804833476722798650032e-32	   -1.75415291813030315543652814e-32
   294	   -3.62387806654923394123373938e-32	   -6.56778686075810216723892240e-32
   295	   -2.88821912194907685035188362e-32	    5.28715351789861957869505622e-32
   296	   -1.27200329007342170292439850e-32	   -3.14481724871457383438464476e-32
   297	   -4.85648598275860351968510551e-32	    8.67118092021899533471777674e-32
   298	    4.22857989669169736685048868e-32	    3.55743758890053068763659223e-32
   299	    1.02491814125882828334458333e-32	    4.30478008757755653810956890e-32
   300	    4.09004838111337300265761486e-33	    3.65004252560673423160625184e-32
   301	    6.56696703736542074874034062e-32	    9.79731256780374275694790655e-32
   302	    6.85848975671210396294381902e-32	   -1.90179999252970139829260670e-32
   303	    5.60073627875586027382814414e-32	    6.67628351673733742258375737e-32
   304	    1.03439343505221512096158874e-31	   -5.16539221222481288242522535e-32
   305	    1.57179232825566238458414294e-32	   -1.27159477127664572688882380e-32
   306	    4.21438149793784646250742311e-32	   -2.03083296742750506465386306e-32
   307	    5.65567946439920496933365036e-32	   -1.37313819248503614344913572e-32
   308	   -4.88548009453302791845288584e-33	   -8.87146473883754569947426737e-32
   309	   -1.65037469604131690704997714e-32	    2.51698714250519288950393944e-32
   310	   -6.81728361122440031836947570e-33	   -6.39480445847201076047144649e-32
   311	   -6.65253592723229829968793956e-32	    5.24751654490301171848819150e-32
   312	    1.57227889020670823628382439e-32	    2.49336737871575679613225243e-32
   313	   -6.03770618852585183154073125e-33	    3.32988182137490897894619928e-32
   314	   -2.99439800459408379242531223e-32	    2.57033081351258050353958564e-32
   315	    2.83198587406722315328922947e-32	    1.14779639332136384527648456e-31
   316	    4.64873006249791427280154418e-32	    6.10601287464569376756485526e-33
   317	    3.81623951062772497094783657e-32	    1.01355937264104240239223433e-31
   318	    1.09965180686329317544519937e-31	   -9.43506219017656802879790567e-33
   319	    3.49946836703271870387058024e-32	    9.23963139233868776484497537e-33
   320	    5.27050551671052059694501934e-32	    1.10437458295808736759138110e-33
   321	    8.69729876705665454746280861e-32	    1.25168892564811875915283235e-32
   322	    3.48362594574848599698806796e-32	   -8.91429637782588901742799318e-32
   323	    1.26352935289452461373698241e-32	    1.43021722104926279118385392e-32
   324	    2.18467957819608336702249393e-32	   -8.80456129687122506286896123e-32
   325	   -6.09801324494796167057556135e-32	    1.48609113824798215606889736e-32
   326	    5.56448855725857581193396087e-33	    3.52682168553614360345862479e-33
   327	   -8.23056804310162123859500826e-33	    1.14618790270218910437345050e-32
   328	   -5.31527103206214147489922691e-32	   -5.70861553305050643015352349e-33
   329	   -9.72726699994133072498516834e-33	    1.07537953834401353144169544e-31
   330	    1.39142391069115697288256423e-32	    9.73433598151926578375736487e-33
   331	    1.05928760617213160989384731e-33	    1.20692173132297832616369354e-31
   332	    9.30323143396639221561927411e-32	    2.88715944619041491130610211e-32
   333	    3.53907307090984700109614991e-32	    3.57725001799853234390547939e-32
   334	    4.48466463350375109715657400e-32	    2.93911885026085503813875234e-32
   335	    9.99974190620204817188621047e-32	    5.58566852276372276598844244e-32
   336	    6.72697012131786726905319522e-32	   -6.59667816124074412156990410e-32
   337	    4.45703991713361935159842178e-32	    2.80602827269182268941608221e-32
   338	    6.40833526673191503224616569e-32	   -9.07368771882630504476039753e-32
   339	   -3.44938023984268591016457680e-32	   -1.12201624925415772022708084e-32
   340	    1.43965725651018855477488244e-32	   -1.50206138161520732287675175e-32
   341	    1.02745264740437944936847090e-32	   -9.96212583357909609054271811e-33
   342	   -5.38724702093016182195325299e-32	   -4.78608409656618740734087301e-32
   343	   -3.30291138378797831880315591e-32	    8.05035212319684461101241465e-32
   344	   -1.31507919238361923868094093e-32	   -1.10007468164803144934574460e-32
   345	   -4.22956657484797321079670164e-32	    1.15345644520773123282333470e-31
   346	    5.98995995843435172035767113e-32	    5.00357413277132957797366231e-32
   347	    1.91138157420645397100004858e-32	    5.31528370373667079889591087e-32
   348	    1.64143192357243479559527167e-32	    5.02516452499459904718940812e-32
   349	    8.75219463203629259151630377e-32	    1.02961445145630737505402161e-31
   350	    7.88308859701919778931789692e-32	   -2.82322527382245451550803744e-32
   351	    6.29065297453676874254035314e-32	    6.41493416870735954372281329e-32
   352	    1.04326380332030536194589090e-31	   -6.70152063314184266101428780e-32
   353	    1.69603122380292169152345641e-33	   -1.54286284954432935280749516e-32
   354	    3.53365707485147497202921186e-32	   -1.82162487878324453474923352e-32
   355	    4.66991916257521642621378389e-32	   -1.61495018113355211075590135e-32
   356	   -2.86069397209659572584886898e-32	   -8.49834887359287276647457008e-32
   357	   -3.13727227876921256139250907e-32	    4.70296642491624561072370145e-32
   358	   -1.95964004365152485721541826e-32	   -4.84283510366043050944299028e-32
   359	   -7.53219896252749130259140167e-32	    8.56387444865272661779626894e-32
   360	    2.46355704209343427065749910e-32	    4.80513990787011141791385624e-32
   361	   -2.89481067256553754959805971e-33	    5.19054188850489161301855314e-32
   362	   -2.49024121572963538043946867e-32	    5.02545547494948748304754992e-32
   363	    5.12843064196992258658933429e-32	    1.37469961628396856429199033e-31
   364	    6.39089560219045107779554776e-32	    7.89406611086304877987355398e-33
   365	    5.54348813045919423602043194e-32	    1.10410207218082439488777378e-31
   366	    1.26668044828012770329064912e-31	   -2.23469862014336729136542406e-32
   367	    3.21669732382557997561525779e-32	    3.47167924369154567110199714e-33
   368	    5.44553490642163329836648409e-32	   -5.22174850190780944999645992e-34
   369	    8.89856030710446917522056559e-32	    3.70646530186223602175929662e-33
   370	    1.55614915398125147201936811e-32	   -1.01489097500548030693274094e-31
   371	   -4.56695192450272172828478733e-33	    2.49071941452034198334681659e-32
   372	    2.50580212263416398710852946e-33	   -8.66054998175489333462813073e-32
   373	   -8.44482207632959826757593531e-32	    4.21409569560858562383755812e-32
   374	    2.35433578468465385470697904e-33	    2.70856774583509456118717457e-32
   375	   -1.51494512807455610317498853e-32	    3.16747432257679994402238688e-32
   376	   -6.37006840628222710457452602e-32	    2.29543530983001456180124467e-32
   377	    3.28416329766883770417445391e-33	    1.46664803537332881099559375e-31
   378	    2.80464239205676026639812173e-32	    2.51520387574432268370294389e-32
   379	    1.95108890249126763401815369e-32	    1.48994323319590551953647762e-31
   380	    1.21350143632636959742215688e-31	    2.89396170822868346810104887e-32
   381	    4.38033418890928799549870624e-32	    3.66253961573145680649814213e-32
   382	    5.63688301967652563455285979e-32	    3.33024240960737867316652097e-32
   383	    1.19802111759454301577599318e-31	    5.11641955127285192677709241e-32
   384	    6.26601762880083652041348672e-32	   -8.85724026615729378626992447e-32
   385	    3.63467998733426209050255691e-32	    2.95650929948459660305554762e-32
   386	    4.99969203302942051754533200e-32	   -1.07001540222706859995590601e-31
   387	   -6.48684611774607313650773264e-32	    2.10888081391367169405870442e-33
   388	    2.62089616455843216671215389e-33	    4.12984339406254082205382090e-34
   389	   -4.09197293543920418446313101e-33	    2.72860306078150396861427796e-33
   390	   -8.24166356057619898819545541e-32	   -2.72753851553484180305479817e-32
   391	   -3.79194440301355886103868754e-32	    1.27408361548269777066119508e-31
   392	   -1.29909049067226085586170048e-32	    1.21891958024812885314490107e-32
   393	   -3.59318845795142928414366122e-32	    1.63112168218784041434500262e-31
   394	    8.92030759141246051434288084e-32	    6.89290726571653868230197777e-32
   395	    3.18502753313596769802553590e-32	    6.82301834019036401852026497e-32
   396	    3.09707191771868333974505965e-32	    6.88099552638778324938485897e-32
   397	    1.23165286436678934873484741e-31	    1.16638554854726361740784414e-31
   398	    9.32580791989399704816535985e-32	   -4.88105268322264545815393820e-32
   399	    7.21359911865345753554821354e-32	    6.76140551329210869635661912e-32
   400	    1.08755234898608838221367874e-31	   -9.55965975351149949994847426e-32
   401	   -2.31977727510869101996790157e-32	   -1.69475576507605571860258681e-32
   402	    2.45418038818238825208459390e-32	   -1.44770133780253800341659842e-32
   403	    3.55641042984264748540254248e-32	   -1.66684127407622239682355803e-32
   404	   -6.83782108735586028057301426e-32	   -8.53656531418213464458895413e-32
   405	   -5.39155915607415451649810015e-32	    8.90386129853085214142133229e-32
   406	   -3.81386873632371480917638771e-32	   -3.10458944031846342719464581e-32
   407	   -9.26854436441495140936362646e-32	    1.43933537334045749888828896e-31
   408	    4.22120681875326314639094971e-32	    8.32442688730411723768095919e-32
   409	    3.17987632087276009399455793e-33	    8.18837296232643087371229324e-32
   410	   -2.12345814009018611786888932e-32	    8.64347513517437216201724107e-32
   411	    9.12468321902268324384180546e-32	    1.81706553924331509604912437e-31
   412	    9.18675849932230679514008419e-32	    3.10185966984850410181087878e-33
   413	    8.17711715583875913906385857e-32	    1.33195091086327005902357211e-31
   414	    1.58014613889005912871306427e-31	   -4.87834457132366667371494796e-32
   415	    2.41628029199245756942264266e-32	   -4.26332389486425065259938029e-33
   416	    5.54838509227901809716531896e-32	   -2.95820645202922453477625268e-33
   417	    9.70518919402632206978995709e-32	   -6.19830869263874947360471402e-33
   418	   -1.97850139169190530282864005e-32	   -1.29880078478018915298627160e-31
   419	   -3.38825415716361772787821799e-32	    5.20200035293669118916174078e-32
   420	   -2.83297390054430456597421138e-32	   -9.15714992387654783484369436e-32
   421	   -1.29245727618230560433581280e-31	    9.51295469360353554886081012e-32
   422	   -2.26768303624876891215540282e-34	    6.74815711320162623583148573e-32
   423	   -2.45627923884914526086798498e-32	    6.80017296105824523502503653e-32
   424	   -8.72977201366096192073986441e-32	    6.85074375380924624804294382e-32
   425	    2.89475821903881524943969661e-32	    2.25390795017741614159588305e-31
   426	    5.37628818119256974616513777e-32	    4.39553380135897669370125856e-32
   427	    4.99592454062868995450101731e-32	    2.08647480859806425578326759e-31
   428	    1.77484547705766126915642963e-31	    2.41928319058816517192102174e-32
   429	    5.65914605348284584169136554e-32	    3.92250722534570687837612767e-32
   430	    7.39989951653458263284069721e-32	    3.99489045893716588309401225e-32
   431	    1.61870978775221571271241213e-31	    4.94391652658783516396758255e-32
   432	    5.16416697478306877614284440e-32	   -1.40234793093756023795773864e-31
   433	    1.98155563753847670569216658e-32	    4.27963001552093317884658873e-32
   434	    2.64359003813958193537059879e-32	   -1.46010699483109514230570285e-31
   435	   -1.28438265007372983066716450e-31	    3.33856237650310330962270045e-32
   436	   -1.82311235059088639346298772e-32	    3.06716783179795409222686389e-32
   437	   -2.76628840196200147883368116e-32	    2.98642364212661955029063738e-32
   438	   -1.44285399741653186384188064e-31	    6.17274131861802429882798607e-33
   439	   -4.56256934264848570740297795e-32	    2.32294566657297619878961611e-31
   440	   -1.11180811725587629569201892e-32	    4.87633256089812448516226654e-32
   441	   -2.69359335223213874580183626e-32	    2.69472957582047618964111376e-31
   442	    1.54785597641015589465347105e-31	    1.03323553427632894877319314e-31
   443	    5.69436988429659999251400004e-32	    9.98815402809714349847285477e-32
   444	    5.57912235062372494012371976e-32	    1.05427091294163859511273360e-31
   445	    2.04139534487649048812600107e-31	    1.55245940817762934835627761e-31
   446	    1.22361214453869995492358489e-31	   -1.04378403148282781218771317e-31
   447	    8.96955612621924978489555353e-32	    8.70316509641490852452396101e-32
   448	    1.22927679786569591510199513e-31	   -1.66512576603808835314671661e-31
   449	   -8.39754777425197735720069976e-32	   -1.51318599410263007249371939e-32
   450	    7.37441340350001031521591142e-34	   -5.23641837885981691654456054e-33
   451	    1.71565866746490238674401670e-32	   -1.32627639430151345904922616e-32
   452	   -1.65032491972626565557599618e-31	   -9.65140831666139443476488305e-32
   453	   -1.04844979755549808771251643e-31	    2.00411748782625993355269058e-31
   454	   -7.82041008265100345334850843e-32	   -2.03204834224412917113370416e-33
   455	   -1.38965661330580375484726676e-31	    2.91954252704454008263432618e-31
   456	    9.05063829261962242447529058e-32	    1.63882068839619337261937502e-31
   457	    1.88845273257264814113771405e-32	    1.54811505296876673182433114e-31
   458	   -2.01899408967867486996827231e-32	    1.70379322156790890009887348e-31
   459	    1.96987599921269974513175378e-31	    3.05522693975217358215936598e-31
   460	    1.62198128598804632266370926e-31	   -2.42499514340337050215813773e-32
   461	    1.44783655622889956309473964e-31	    2.05178487229339211190905342e-31
   462	    2.45332242350381960778975753e-31	   -1.26907521899262937605740664e-31
   463	   -3.50871551594957986947505317e-33	   -2.01653644052804285077564313e-32
   464	    5.55621894899834014241189363e-32	   -8.54936081700154117800080404e-33
   465	    1.28330047955629888917009113e-31	   -2.47865414365259666766436430e-32
   466	   -1.24072615997118522454462415e-31	   -2.23476075523063340944690840e-31
   467	   -1.17405455238910392610283615e-31	    1.47349538278783535508520570e-31
   468	   -1.10622654683461572996592563e-31	   -1.18759245705285313621606364e-31
   469	   -2.66045492224150020641311904e-31	    2.60604408215820208343614318e-31
   470	   -1.08765016872348461299376425e-33	    1.84327955442671804375075515e-31
   471	   -4.80814156238903161949028443e-32	    1.78338159729194993321696796e-31
   472	   -1.70906761328952001683079017e-31	    1.98627129475171150380240483e-31
   473	    1.16355698114098172021061125e-31	    4.92423572337596512533556680e-31
   474	    1.39502407618161463991664463e-31	    8.28506419343998520713515338e-32
   475	    1.41799214700473788108395260e-31	    4.17971403672943208756307088e-31
   476	    3.71720724062635034867030561e-31	   -2.82194416767937928107657713e-33
   477	    9.31666348618147516968981712e-32	    5.15030787975277660468279173e-32
   478	    1.27452231704938461106237002e-31	    6.26395403933363292002099243e-32
   479	    3.25546840419791784747623528e-31	    5.82697454246152094702998753e-32
   480	    3.68475540203762682969525649e-33	   -3.54711204325982994106501964e-31
   481	   -5.04710099966541487946945621e-32	    1.19307975021724264419369581e-31
   482	   -5.52692546264314383291827201e-32	   -3.09328337243833379624891014e-31
   483	   -3.88016908003865418659314721e-31	    1.71761155970211733812294681e-31
   484	   -9.63877793434811335038214177e-32	    1.52843236836180968398389718e-31
   485	   -1.14099333420966342556945939e-31	    1.47572294614241604364567280e-31
   486	   -4.30119012858956593995870993e-31	    1.31481871858072294121448644e-31
   487	   -7.23773022549786417153953887e-32	    7.40218497898648035685676343e-31
   488	    1.53758076074593811070976187e-32	    1.87460168682781027141618326e-31
   489	    6.22653285946100575398891962e-33	    7.92097170377358854091433733e-31
   490	    4.89827778770276893653992173e-31	    2.57791031011341283679439889e-31
   491	    1.81152030925087945554730521e-31	    2.64980307887797734180806165e-31
   492	    1.69676065664922363074097924e-31	    2.97255336468727046136560587e-31
   493	    6.89273703592584590549103115e-31	    4.05412260581181416016144008e-31
   494	    2.90067923624863649305392474e-31	   -4.97099749179434428053632896e-31
   495	    1.57435095468528507007586145e-31	    2.43537921286212186594442493e-31
   496	    2.22577024044767166906174493e-31	   -6.35290455176629425316197298e-31
   497	   -5.14646929718845142732719179e-31	    2.39736285010996229185612194e-32
   498	   -1.73986726562624487139834221e-31	    6.58921717016197877897415423e-32
   499	   -9.11207976726513274913149385e-32	    2.79933724107097629324426487e-32
   500	   -1.04889848217304076082778484e-30	   -2.54128886838639223336754694e-31
   501	   -5.97138227810935024794930031e-31	    1.37757899466390509299744158e-30
   502	   -3.55033720778099689519643150e-31	    2.77071799184102715293575839e-31
   503	   -6.26885449655759612645343100e-31	    1.90277445028897311838796959e-30
   504	    6.86562631682746470992551308e-31	    1.11678028318875140174941162e-30
   505	    2.66973819018277741292512122e-31	    1.18506769859024516353117094e-30
   506	   -1.26492265058079779091765172e-31	    1.53944790944819660050017681e-30
   507	    2.64039621283263251165597702e-30	    3.09566010058503426677136803e-30
   508	    2.46789217943905840153384069e-30	   -1.67053518938316197912612142e-30
   509	    8.79861475430515017710944269e-31	    1.78949030712217831435515835e-30
   510	    3.61236416379667456889845100e-30	   -2.88539750316823325693051172e-30
   511	   -2.51645259050648570235972104e-30	   -6.30094312379742628567441684e-31
   512	    1.74479535975108820937560392e-30	    0.00000000000000000000000000e+00
   513	   -2.51644351047387962068080509e-30	    6.30019080741290002166931684e-31
   514	    3.61236416379667456889845100e-30	    2.88539750316823325693051172e-30
   515	    8.79861478844251245196387984e-31	   -1.78949030538814436160288803e-30
   516	    2.46789217943905840153384069e-30	    1.67053518938316197912612142e-30
   517	    2.64039620758234021316958564e-30	   -3.09566010034038453469773165e-30
   518	   -1.26492265058079779091765172e-31	   -1.53944790944819660050017681e-30
   519	    2.66973824945696917314946605e-31	   -1.18506772764285324248841778e-30
   520	    6.86562631682746470992551308e-31	   -1.11678028318875140174941162e-30
   521	   -6.26885499168508284022087385e-31	   -1.90277444812925179050101639e-30
   522	   -3.55033720778099689519643150e-31	   -2.77071799184102715293575839e-31
   523	   -5.97138229882090716481660454e-31	   -1.37757899703598437272042743e-30
   524	   -1.04889848217304076082778484e-30	    2.54128886838639223336754694e-31
   525	   -9.11207954215059568637410731e-32	   -2.79933737527827765473814299e-32
   526	   -1.73986726562624487139834221e-31	   -6.58921717016197877897415423e-32
   527	   -5.14646804565555893161031703e-31	   -2.39735853014339402636099818e-32
   528	    2.22577024044767166906174493e-31	    6.35290455176629425316197298e-31
   529	    1.57435144949701782724354898e-31	   -2.43537973196586067128557879e-31
   530	    2.90067923624863649305392474e-31	    4.97099749179434428053632896e-31
   531	    6.89273707651697560461991423e-31	   -4.05412260723089127149643804e-31
   532	    1.69676065664922363074097924e-31	   -2.97255336468727046136560587e-31
   533	    1.81152028824542427383330299e-31	   -2.64980306218863511774372952e-31
   534	    4.89827778770276893653992173e-31	   -2.57791031011341283679439889e-31
   535	    6.22657031614468369666096540e-33	   -7.92097185267019442470969592e-31
   536	    1.53758076074593811070976187e-32	   -1.87460168682781027141618326e-31
   537	   -7.23772941907759346087661958e-32	   -7.40218508073989559578411469e-31
   538	   -4.30119012858956593995870993e-31	   -1.31481871858072294121448644e-31
   539	   -1.14099330755196355701321173e-31	   -1.47572291832461337968673857e-31
   540	   -9.63877793434811335038214177e-32	   -1.52843236836180968398389718e-31
   541	   -3.88016912743110940480187785e-31	   -1.71761156879691276562637014e-31
   542	   -5.52692546264314383291827201e-32	    3.09328337243833379624891014e-31
   543	   -5.04708494949429120716180973e-32	   -1.19308453781343706145730625e-31
   544	    3.68475540203762682969525649e-33	    3.54711204325982994106501964e-31
   545	    3.25546803598637587095959311e-31	   -5.82703538600930170019055601e-32
   546	    1.27452231704938461106237002e-31	   -6.26395403933363292002099243e-32
   547	    9.31666329775138565810583170e-32	   -5.15030797762153110325881505e-32
   548	    3.71720724062635034867030561e-31	    2.82194416767937928107657713e-33
   549	    1.41799216452653984642977791e-31	   -4.17971406384938321545590745e-31
   550	    1.39502407618161463991664463e-31	   -8.28506419343998520713515338e-32
   551	    1.16355712958900944513965239e-31	   -4.92423561761922484164520465e-31
   552	   -1.70906761328952001683079017e-31	   -1.98627129475171150380240483e-31
   553	   -4.80813705174059716714225686e-32	   -1.78338240203318185915441053e-31
   554	   -1.08765016872348461299376425e-33	   -1.84327955442671804375075515e-31
   555	   -2.66045486972512643877575142e-31	   -2.60604407450664563755626004e-31
   556	   -1.10622654683461572996592563e-31	    1.18759245705285313621606364e-31
   557	   -1.17405458725238548430204458e-31	   -1.47349537347636855624846999e-31
   558	   -1.24072615997118522454462415e-31	    2.23476075523063340944690840e-31
   559	    1.28330225893767377416677051e-31	    2.47866131629010157508297215e-32
   560	    5.55621894899834014241189363e-32	    8.54936081700154117800080404e-33
   561	   -3.50855614178309494081365095e-33	    2.01653119516975199497231299e-32
   562	    2.45332242350381960778975753e-31	    1.26907521899262937605740664e-31
   563	    1.44783660232239928308454114e-31	   -2.05178484806132394021825324e-31
   564	    1.62198128598804632266370926e-31	    2.42499514340337050215813773e-32
   565	    1.96987593337276569968607934e-31	   -3.05522693969554447608224507e-31
   566	   -2.01899408967867486996827231e-32	   -1.70379322156790890009887348e-31
   567	    1.88845398027328529054709144e-32	   -1.54811503068581825454975792e-31
   568	    9.05063829261962242447529058e-32	   -1.63882068839619337261937502e-31
   569	   -1.38965584813314679438804658e-31	   -2.91954338943329919892094829e-31
   570	   -7.82041008265100345334850843e-32	    2.03204834224412917113370416e-33
   571	   -1.04844980996512627805999029e-31	   -2.00411751721696675386102292e-31
   572	   -1.65032491972626565557599618e-31	    9.65140831666139443476488305e-32
   573	    1.71565882626733489370026587e-32	    1.32627632934814409837936223e-32
   574	    7.37441340350001031521591142e-34	    5.23641837885981691654456054e-33
   575	   -8.39754486307793234396191734e-32	    1.51329504226993975442275974e-32
   576	    1.22927679786569591510199513e-31	    1.66512576603808835314671661e-31
   577	    8.96954355867029093357029028e-32	   -8.70305819097243914600533808e-32
   578	    1.22361214453869995492358489e-31	    1.04378403148282781218771317e-31
   579	    2.04139538361698510718649731e-31	   -1.55245941719177696924028195e-31
   580	    5.57912235062372494012371976e-32	   -1.05427091294163859511273360e-31
   581	    5.69436971087452725579641742e-32	   -9.98815381448358308988838900e-32
   582	    1.54785597641015589465347105e-31	   -1.03323553427632894877319314e-31
   583	   -2.69360172971932393420078516e-32	   -2.69472921124534093125666773e-31
   584	   -1.11180811725587629569201892e-32	   -4.87633256089812448516226654e-32
   585	   -4.56255743560177615331082735e-32	   -2.32294524797679063327859416e-31
   586	   -1.44285399741653186384188064e-31	   -6.17274131861802429882798607e-33
   587	   -2.76628811668323720521784345e-32	   -2.98642338258236058015602913e-32
   588	   -1.82311235059088639346298772e-32	   -3.06716783179795409222686389e-32
   589	   -1.28438269965787920236860135e-31	   -3.33856241906926741402364700e-32
   590	    2.64359003813958193537059879e-32	    1.46010699483109514230570285e-31
   591	    1.98155437519379443064039451e-32	   -4.27961883549083088735667534e-32
   592	    5.16416697478306877614284440e-32	    1.40234793093756023795773864e-31
   593	    1.61871014075148709316433702e-31	   -4.94390404896767761419243113e-32
   594	    7.39989951653458263284069721e-32	   -3.99489045893716588309401225e-32
   595	    5.65914581106320274636181599e-32	   -3.92250739840079399415435452e-32
   596	    1.77484547705766126915642963e-31	   -2.41928319058816517192102174e-32
   597	    4.99592478768896134748661357e-32	   -2.08647482915041073996922223e-31
   598	    5.37628818119256974616513777e-32	   -4.39553380135897669370125856e-32
   599	    2.89476061005928328542597735e-32	   -2.25390809302543134458263776e-31
   600	   -8.72977201366096192073986441e-32	   -6.85074375380924624804294382e-32
   601	   -2.45628139662190786477250039e-32	   -6.80017610837781255050781543e-32
   602	   -2.26768303624876891215540282e-34	   -6.74815711320162623583148573e-32
   603	   -1.29245723788533011455946808e-31	   -9.51295463479565260845340504e-32
   604	   -2.83297390054430456597421138e-32	    9.15714992387654783484369436e-32
   605	   -3.38825435202230157036174337e-32	   -5.20200028966774027153864845e-32
   606	   -1.97850139169190530282864005e-32	    1.29880078478018915298627160e-31
   607	    9.70519600747260830426289457e-32	    6.19773996402181163094135050e-33
   608	    5.54838509227901809716531896e-32	    2.95820645202922453477625268e-33
   609	    2.41628383104993606907390014e-32	    4.26276525204385289176844551e-33
   610	    1.58014613889005912871306427e-31	    4.87834457132366667371494796e-32
   611	    8.17711757046824899870191208e-32	   -1.33195087560690807292846349e-31
   612	    9.18675849932230679514008419e-32	   -3.10185966984850410181087878e-33
   613	    9.12468257852842196331290830e-32	   -1.81706554777443471567227491e-31
   614	   -2.12345814009018611786888932e-32	   -8.64347513517437216201724107e-32
   615	    3.17991078563975771452955958e-33	   -8.18837197737671269425948897e-32
   616	    4.22120681875326314639094971e-32	   -8.32442688730411723768095919e-32
   617	   -9.26854460831406055934319907e-32	   -1.43933547507776355914676103e-31
   618	   -3.81386873632371480917638771e-32	    3.10458944031846342719464581e-32
   619	   -5.39155931325568690466247613e-32	   -8.90386154415950903666708335e-32
   620	   -6.83782108735586028057301426e-32	    8.53656531418213464458895413e-32
   621	    3.55641062198988480876692605e-32	    1.66684115956930776421849960e-32
   622	    2.45418038818238825208459390e-32	    1.44770133780253800341659842e-32
   623	   -2.31978678839321265166354130e-32	    1.69473991492403327993123884e-32
   624	    1.08755234898608838221367874e-31	    9.55965975351149949994847426e-32
   625	    7.21359245107535589460767749e-32	   -6.76141178474111618799192526e-32
   626	    9.32580791989399704816535985e-32	    4.88105268322264545815393820e-32
   627	    1.23165289580425327686627937e-31	   -1.16638555235707302226880959e-31
   628	    3.09707191771868333974505965e-32	   -6.88099552638778324938485897e-32
   629	    3.18502744547740722815551776e-32	   -6.82301821368591834954091201e-32
   630	    8.92030759141246051434288084e-32	   -6.89290726571653868230197777e-32
   631	   -3.59319027888158737690492422e-32	   -1.63112199938195492343977795e-31
   632	   -1.29909049067226085586170048e-32	   -1.21891958024812885314490107e-32
   633	   -3.79193609468104548854079185e-32	   -1.27408426934410610908799007e-31
   634	   -8.24166356057619898819545541e-32	    2.72753851553484180305479817e-32
   635	   -4.09196983216735829636404310e-33	   -2.72859895773113073047791505e-33
   636	    2.62089616455843216671215389e-33	   -4.12984339406254082205382090e-34
   637	   -6.48684667082602727466596695e-32	   -2.10888241960224894524839889e-33
   638	    4.99969203302942051754533200e-32	    1.07001540222706859995590601e-31
   639	    3.63493239844438196668920012e-32	   -2.95734183565779780397244265e-32
   640	    6.26601762880083652041348672e-32	    8.85724026615729378626992447e-32
   641	    1.19805383688481370968315097e-31	   -5.11722087075283530086869247e-32
   642	    5.63688301967652563455285979e-32	   -3.33024240960737867316652097e-32
   643	    4.38033398626237333744257679e-32	   -3.66253973065088885512168964e-32
   644	    1.21350143632636959742215688e-31	   -2.89396170822868346810104887e-32
   645	    1.95108910894734963866619668e-32	   -1.48994325924752393307819045e-31
   646	    2.80464239205676026639812173e-32	   -2.51520387574432268370294389e-32
   647	    3.28415990781296942213137953e-33	   -1.46664849128569502575442447e-31
   648	   -6.37006840628222710457452602e-32	   -2.29543530983001456180124467e-32
   649	   -1.51494513728560334837468014e-32	   -3.16747444732147784065806022e-32
   650	    2.35433578468465385470697904e-33	   -2.70856774583509456118717457e-32
   651	   -8.44482169361371057818198690e-32	   -4.21409560564758778895983892e-32
   652	    2.50580212263416398710852946e-33	    8.66054998175489333462813073e-32
   653	   -4.56695367911238876725052231e-33	   -2.49071941178723129506809333e-32
   654	    1.55614915398125147201936811e-32	    1.01489097500548030693274094e-31
   655	    8.89854822347969242524207544e-32	   -3.70635454531760242435879510e-33
   656	    5.44553490642163329836648409e-32	    5.22174850190780944999645992e-34
   657	    3.21669385949933084259529759e-32	   -3.47158228327743233776885719e-33
   658	    1.26668044828012770329064912e-31	    2.23469862014336729136542406e-32
   659	    5.54348863703786382935510623e-32	   -1.10410202508287236680284232e-31
   660	    6.39089560219045107779554776e-32	   -7.89406611086304877987355398e-33
   661	    5.12842987344713299856949545e-32	   -1.37469963238508227522533017e-31
   662	   -2.49024121572963538043946867e-32	   -5.02545547494948748304754992e-32
   663	   -2.89475493081804519806766783e-33	   -5.19054438836028220686579761e-32
   664	    2.46355704209343427065749910e-32	   -4.80513990787011141791385624e-32
   665	   -7.53219050622730182212791570e-32	   -8.56387228312681515888944769e-32
   666	   -1.95964004365152485721541826e-32	    4.84283510366043050944299028e-32
   667	   -3.13727233774971028646451230e-32	   -4.70296669207635489136049261e-32
   668	   -2.86069397209659572584886898e-32	    8.49834887359287276647457008e-32
   669	    4.66991926260366161555972242e-32	    1.61495010237284813239153621e-32
   670	    3.53365707485147497202921186e-32	    1.82162487878324453474923352e-32
   671	    1.69663416553488357114165537e-33	    1.54282158016952420319004567e-32
   672	    1.04326380332030536194589090e-31	    6.70152063314184266101428780e-32
   673	    6.29069312800802887595912638e-32	   -6.41498141402780303641522777e-32
   674	    7.88308859701919778931789692e-32	    2.82322527382245451550803744e-32
   675	    8.75219495181230801857493219e-32	   -1.02961446532852806016274387e-31
   676	    1.64143192357243479559527167e-32	   -5.02516452499459904718940812e-32
   677	    1.91138152796478486803889017e-32	   -5.31528350204086772417172967e-32
   678	    5.98995995843435172035767113e-32	   -5.00357413277132957797366231e-32
   679	   -4.22957010822366306965853301e-32	   -1.15345605908238926420028252e-31
   680	   -1.31507919238361923868094093e-32	    1.10007468164803144934574460e-32
   681	   -3.30290991340417749902746202e-32	   -8.05035401658269626412664006e-32
   682	   -5.38724702093016182195325299e-32	    4.78608409656618740734087301e-32
   683	    1.02745296314451469949061997e-32	    9.96213006461503628575995571e-33
   684	    1.43965725651018855477488244e-32	    1.50206138161520732287675175e-32
   685	   -3.44938081977796493422325016e-32	    1.12201610684519339880310396e-32
   686	    6.40833526673191503224616569e-32	    9.07368771882630504476039753e-32
   687	    4.45703622004976663175466470e-32	   -2.80602887460383607584570059e-32
   688	    6.72697012131786726905319522e-32	    6.59667816124074412156990410e-32
   689	    9.99974408278562795295362255e-32	   -5.58566492218241859880676241e-32
   690	    4.48466463350375109715657400e-32	   -2.93911885026085503813875234e-32
   691	    3.53907282282736969259905183e-32	   -3.57725019344760394515927617e-32
   692	    9.30323143396639221561927411e-32	   -2.88715944619041491130610211e-32
   693	    1.05929022283976769660327144e-33	   -1.20692175238650612150641649e-31
   694	    1.39142391069115697288256423e-32	   -9.73433598151926578375736487e-33
   695	   -9.72733120275877628648066327e-33	   -1.07537922308866439164443722e-31
   696	   -5.31527103206214147489922691e-32	    5.70861553305050643015352349e-33
   697	   -8.23056268896308777022248157e-33	   -1.14617879225449703621425701e-32
   698	    5.56448855725857581193396087e-33	   -3.52682168553614360345862479e-33
   699	   -6.09801299922203730308875993e-32	   -1.48609110562508004800179266e-32
   700	    2.18467957819608336702249393e-32	    8.80456129687122506286896123e-32
   701	    1.26352936019757659669744555e-32	   -1.43021720884351343207833513e-32
   702	    3.48362594574848599698806796e-32	    8.91429637782588901742799318e-32
   703	    8.69725420014298968497644131e-32	   -1.25158115185163894567872793e-32
   704	    5.27050551671052059694501934e-32	   -1.10437458295808736759138110e-33
   705	    3.49939413105447177470447252e-32	   -9.23868972852069639236290251e-33
   706	    1.09965180686329317544519937e-31	    9.43506219017656802879790567e-33
   707	    3.81623993160410477714741700e-32	   -1.01355931042533871634463049e-31
   708	    4.64873006249791427280154418e-32	   -6.10601287464569376756485526e-33
   709	    2.83198514221964872249905543e-32	   -1.14779642240472912519921749e-31
   710	   -2.99439800459408379242531223e-32	   -2.57033081351258050353958564e-32
   711	   -6.03772429892407035100024689e-33	   -3.32988368192068477864711792e-32
   712	    1.57227889020670823628382439e-32	   -2.49336737871575679613225243e-32
   713	   -6.65253376793306784488291246e-32	   -5.24751554806023652436875084e-32
   714	   -6.81728361122440031836947570e-33	    6.39480445847201076047144649e-32
   715	   -1.65037479472323771348414465e-32	   -2.51698731769363246734757879e-32
   716	   -4.88548009453302791845288584e-33	    8.87146473883754569947426737e-32
   717	    5.65567958833441188472711219e-32	    1.37313801545672545004480862e-32
   718	    4.21438149793784646250742311e-32	    2.03083296742750506465386306e-32
   719	    1.57180130922393139318751968e-32	    1.27159212417636577099370659e-32
   720	    1.03439343505221512096158874e-31	    5.16539221222481288242522535e-32
   721	    5.60073558907266461164894763e-32	   -6.67627940973192526392484728e-32
   722	    6.85848975671210396294381902e-32	    1.90179999252970139829260670e-32
   723	    6.56696730075870500903580069e-32	   -9.79731267113031882227820636e-32
   724	    4.09004838111337300265761486e-33	   -3.65004252560673423160625184e-32
   725	    1.02491819811561435482045852e-32	   -4.30477995337912852880040548e-32
   726	    4.22857989669169736685048868e-32	   -3.55743758890053068763659223e-32
   727	   -4.85648319465996707282555634e-32	   -8.67118055369489866855052676e-32
   728	   -1.27200329007342170292439850e-32	    3.14481724871457383438464476e-32
   729	   -2.88820695303270787409097109e-32	   -5.28716152198626033637680808e-32
   730	   -3.62387806654923394123373938e-32	    6.56778686075810216723892240e-32
   731	    2.25932836782529576641512641e-32	    1.75415354807415845934351946e-32
   732	    2.32889504211841077229022058e-32	    2.56408030436453421087494913e-32
   733	   -1.54530250316896348764683436e-32	    1.83156912722650930682149360e-32
   734	    7.58028994538177887153285917e-32	    8.29936850618055614349900066e-32
   735	    5.00722863932620443729789753e-32	   -3.18841425685527946854112437e-32
   736	    6.96255040431614497123354092e-32	    5.40612814023884463690296668e-32
   737	    8.80614268325261593219497619e-32	   -6.28790868166773354175879881e-32
   738	    3.44701645070302996446613889e-32	   -2.60354131599475596909097499e-32
   739	    2.82490735372988840809849315e-32	   -3.55050559422741524239986985e-32
   740	    7.47180869091183783627758066e-32	   -2.66405547171545558306168617e-32
   741	   -1.40679602623050343899343442e-32	   -1.04273767812082201026433834e-31
   742	    3.62817703140000136862368173e-33	    6.08472695709941240881564147e-33
   743	   -1.82963012114877152561364053e-32	   -8.31632752784551064243990521e-32
   744	   -4.77798833737641163443870939e-32	    2.99743993394270077120562034e-32
   745	   -1.36702929820365000602077909e-33	    3.00682079000181674058258360e-33
   746	    9.30273112912062704738476822e-33	    1.43122548844689196961334315e-32
   747	   -4.56435074850620865231222211e-32	    2.85474234860525276158108690e-33
   748	    3.78790543842805000565170963e-32	    9.32023738273894203172932605e-32
   749	    2.57501380336128800077471566e-32	   -1.10510689419428385358770778e-32
   750	    4.83158078892839404076052225e-32	    8.38054980641954908435625715e-32
   751	    8.79620174053263783151258467e-32	   -2.23020400943453022093267933e-32
   752	    4.99927375096285565568148584e-32	   -2.36522663200100312167104446e-33
   753	    3.55396294562873033980851596e-32	   -1.45079415869432380074767769e-32
   754	    9.92472258477464920069713943e-32	    2.10353790161789006354760784e-33
   755	    2.34451813491620022203032872e-32	   -9.88638766155512027966296919e-32
   756	    3.25880788832264748884710519e-32	   -3.34944336870772082831655410e-34
   757	    1.16082260431532578264270293e-32	   -1.01306012935542855241064880e-31
   758	   -3.65540802903966375630624218e-32	   -4.00666294704616275448312500e-33
   759	   -7.60321490345896735567194917e-33	   -1.87322798367542776926711139e-32
   760	    1.04518058883137967917999192e-32	   -5.80569556636913118069631368e-33
   761	   -6.17129693559591710239674096e-32	   -2.92557266995802523491114232e-32
   762	    4.45379164021742896849562473e-33	    8.07188157437858362324083974e-32
   763	   -4.13770584874897743750126701e-33	   -1.22193488019153473720269417e-32
   764	    1.27657269278429971644615958e-32	    9.56483025610062531676419791e-32
   765	    6.71740959376901903177842316e-32	    9.46742307669033014404613063e-33
   766	    4.71596539501309247230527559e-32	    2.17428288295523973923679528e-32
   767	    2.51784382771116436814454185e-32	    9.11913515489243368028787955e-33
   768	    1.04818001816621302944409868e-31	    4.21860850360277313558627392e-32
   769	    4.94753328906273480654953835e-32	   -7.36808216094074170263779808e-32
   770	    5.95337904072538463951748741e-32	    1.56292322728401638920704897e-32
   771	    4.91756533223791968279026158e-32	   -9.79886824721666167919935374e-32
   772	   -8.80623608779107678529125297e-33	   -2.34537958382071248254541094e-32
   773	    2.88248559532516278563938944e-33	   -3.46322394906750961946044293e-32
   774	    2.95705069909597942011613464e-32	   -2.20774377353622038645433634e-32
   775	   -5.59249753824618782284198820e-32	   -6.62525126814058549769449822e-32
   776	   -1.17856917998830626098745145e-32	    5.32810172083021033683118844e-32
   777	   -2.47107463671771130276181375e-32	   -3.38750908068236937609478563e-32
   778	   -2.30934118291517558526666055e-32	    8.46121104672566319955609404e-32
   779	    3.56095469637691728707902324e-32	    2.25365976788929101106110783e-32
   780	    3.12593885420541962178754141e-32	    3.45679162659264711556909113e-32
   781	   -1.23020810541105670557676157e-33	    2.24993830889192320438319084e-32
   782	    8.78935535025576275096112147e-32	    7.99101531841772692106159745e-32
   783	    5.44828927304774841286830614e-32	   -4.00779051135198945131288880e-32
   784	    7.08927621904878772301856720e-32	    4.78134102995291733102063620e-32
   785	    7.96833925950171684311776018e-32	   -7.29232366762054772476130196e-32
   786	    2.30290397790924833658706433e-32	   -2.22770673261963975832992932e-32
   787	    2.11863132917202711343125692e-32	   -3.55070431541710577370782420e-32
   788	    6.07191748400341246946916965e-32	   -2.27523757893540684361092004e-32
   789	   -2.93858045885055586755149416e-32	   -9.38506122603971278664803005e-32
   790	   -5.45775865266865003925415681e-33	    2.47814821728386171083387690e-32
   791	   -2.51316029939466900278992725e-32	   -6.57586442129940070402878271e-32
   792	   -4.53015057460984423746815292e-32	    5.51900867052174975728008859e-32
   793	    6.82614691484076256005400431e-33	    1.53071810141895196985971849e-32
   794	    1.37486557726971916895291259e-32	    3.06070876190260588490563771e-32
   795	   -3.40239891627693082262052559e-32	    1.64817880927336156146923377e-32
   796	    5.41747998031736079810344581e-32	    1.02043525909705792455958062e-31
   797	    3.78300999302064098091170130e-32	   -1.29256955128352092231537094e-32
   798	    5.97029556768292560384951363e-32	    8.30542231614476994033658086e-32
   799	    9.13932104801331896453713498e-32	   -3.47635379580985374180730229e-32
   800	    4.57717140850613074620204836e-32	   -3.35713257597708859057346037e-33
   801	    3.46341730732933589371409670e-32	   -2.00662691760837666575209942e-32
   802	    9.15642047097850625053936800e-32	   -2.26654650333042815165579860e-33
   803	    8.13795254821395610935863456e-33	   -1.01201327499525307364684907e-31
   804	    1.92237876485993948367848485e-32	    9.61500172297848984143094789e-33
   805	   -3.05897204637175951877696864e-33	   -9.30781004918427853754474589e-32
   806	   -4.55637672199179945736318694e-32	    1.93616373392974531250339761e-32
   807	   -7.82982971028107847070400785e-33	   -5.13722672511130598625410083e-33
   808	    7.04073585129587781654980685e-33	    1.30690689454712270510926942e-32
   809	   -5.95119557482007251080019816e-32	   -1.00843388345009569324253614e-32
   810	    1.65246074481339729553383671e-32	    1.01438123369906443636351712e-31
   811	    8.17867865125685372215491656e-33	   -4.50719307387846424984951656e-33
   812	    2.85088943982786040726995809e-32	    1.06593978790187279360881809e-31
   813	    8.03055035023856299201537469e-32	    2.57967398789120338186548665e-33
   814	    5.11591140209989750583486563e-32	    2.29638891049409719679547061e-32
   815	    3.25281426889119309099710114e-32	    4.40445978921809837631598894e-33
   816	    1.08534943053908208213830680e-31	    3.59741816631020698487787179e-32
   817	    4.19927507945400219277182765e-32	   -8.55871608058280158661578346e-32
   818	    5.00087504063024672718302987e-32	    1.67398537777711125332472036e-32
   819	    3.43064564279041314327793991e-32	   -1.02554232893094572528363869e-31
   820	   -2.45909007560512862218478524e-32	   -8.39976125283586377193239362e-33
   821	   -4.10432974444499731947709869e-33	   -2.62714828458544500804982032e-32
   822	    1.88272525683975296741555074e-32	   -7.33118844247400978459533871e-33
   823	   -6.57623365699186091127613987e-32	   -4.93540703777661759344716430e-32
   824	   -1.01367748875981561534536115e-32	    8.03161942539917292299038156e-32
   825	   -1.98780196143707657815886733e-32	   -1.93422052730262548846067971e-32
   826	   -1.15503853676028769469353029e-32	    1.08162643945898029832454546e-31
   827	    5.17493194459135055235718180e-32	    2.57328336072005818100577243e-32
   828	    3.94335349084163237533984397e-32	    4.35296733427114992340850300e-32
   829	    1.11597043525702769285755713e-32	    2.50303253988513259079018860e-32
   830	    1.02703473226240707355699198e-31	    8.05209281646499458647314101e-32
   831	    5.85653724043931577277958417e-32	   -5.39349388246115104835082561e-32
   832	    7.14581021494516829129656649e-32	    4.58047310023575614870441646e-32
   833	    7.30090613122514481276414036e-32	   -8.79178548812266868659520591e-32
   834	    8.24650931044163412576090721e-33	   -1.71330892996502644007342586e-32
   835	    1.32499983977742828605103200e-32	   -3.56993461648107499494164205e-32
   836	    4.82614155185966687372143121e-32	   -1.68413305532901854421763930e-32
   837	   -4.79415288152077435099781458e-32	   -8.72635932327864637860167612e-32
   838	   -1.49930801344614346201303964e-32	    4.98381562744289524377921636e-32
   839	   -3.16742811564691897057062177e-32	   -5.20139606583854008703835208e-32
   840	   -4.51361220991787294555843472e-32	    8.63392767295656388198167342e-32
   841	    1.81255661261893144342912506e-32	    2.74701933906919209336121469e-32
   842	    1.93718566663372646563297787e-32	    4.82980608133050391973771397e-32
   843	   -2.39886397554358834037754035e-32	    2.88584418513568367151968133e-32
   844	    7.40078005500664462503583654e-32	    1.16263090323716618478804200e-31
   845	    5.10637385956892305840846686e-32	   -2.04456728827936943830879022e-32
   846	    7.12368418283775778531532338e-32	    8.69243225523665381884153160e-32
   847	    9.79078540815565921995725554e-32	   -5.26759829399173116389120657e-32
   848	    3.88491823922310330981388223e-32	   -4.00633180869333467523917955e-33
   849	    3.23540377276969798238706151e-32	   -2.68171265695770491303291830e-32
   850	    8.56298319770726359838408059e-32	   -4.65627897979694865930886804e-33
   851	   -1.09693454182194284410785015e-32	   -1.09091218816678140358118488e-31
   852	    3.87552620113085380137060212e-33	    2.59971682667068428826908468e-32
   853	   -1.85716455262113101366046273e-32	   -8.89335837520193801975333062e-32
   854	   -5.89036967939418252721601425e-32	    4.94356150043547385550677790e-32
   855	   -6.31911051627732780604704841e-33	    9.86347239640909403628488809e-33
   856	    4.65871169615928367551794555e-33	    3.51566963107566710362066954e-32
   857	   -5.98611957901016774760405393e-32	    8.71291696043762455639397319e-33
   858	    3.20300423264180338181955341e-32	    1.30639317911427605992891993e-31
   859	    2.28084047333090876427996195e-32	   -1.11332985216507437886505905e-33
   860	    4.54079534062738311520192740e-32	    1.24302442252440988469788088e-31
   861	    9.88780656785194538367716176e-32	   -8.98730573605203506903809503e-33
   862	    5.44002994022840904846315865e-32	    2.43534502156020452443866280e-32
   863	    3.92298777999037598992739999e-32	   -2.25458494754754527010052932e-33
   864	    1.15795663838119389695973980e-31	    3.19791779645735241753185106e-32
   865	    3.17072812067962829577902666e-32	   -1.05687674525384320043944695e-31
   866	    3.80331371273810212232798926e-32	    2.33175107613815520889757206e-32
   867	    1.80951749043436319158370461e-32	   -1.13479829463482216656220795e-31
   868	   -4.70846335726109994762309665e-32	    1.24660947256604525488909299e-32
   869	   -1.16803412987244809526933341e-32	   -1.63612326104077965408495151e-32
   870	    7.95138973103656316452524600e-33	    1.16238065829298453639977388e-32
   871	   -8.07945081500302194241231581e-32	   -3.29823691033127260148730129e-32
   872	   -7.16881718904301309953111596e-33	    1.19277772053900337694803511e-31
   873	   -1.33315332157437804990645097e-32	   -7.19466596718334786388133454e-33
   874	    6.05830611474652295651127708e-34	    1.42420358139996127026827392e-31
   875	    7.51958915238241414988021132e-32	    2.70175572096382284150141017e-32
   876	    4.90989592745694190792253380e-32	    5.44685424813410607443039244e-32
   877	    2.40495714086518032556944676e-32	    2.64021732862587607683710869e-32
   878	    1.24218943450690576057085502e-31	    8.56797393708021924674693070e-32
   879	    6.29563309291743207551804238e-32	   -7.79252643469574556178160591e-32
   880	    7.12987772631950238104250678e-32	    4.87365891727787722071283217e-32
   881	    6.68654189778975132364258993e-32	   -1.12623848340634370167481475e-31
   882	   -1.42167201133390632153018905e-32	   -8.72337968331789528378434811e-33
   883	    2.91198944227205914893512379e-33	   -3.61534270672318718283540661e-32
   884	    3.49353089743913087988905980e-32	   -7.40576781594271750958999994e-33
   885	   -7.50173592496750163927219393e-32	   -8.40934331345134137409623274e-32
   886	   -2.71412416587246399016247727e-32	    8.88004795625177546295165175e-32
   887	   -3.93855158863529604920302464e-32	   -4.00984512075811652762579358e-32
   888	   -4.78901308043977541747170949e-32	    1.32485399967099711030237175e-31
   889	    3.63030275863334158533249950e-32	    4.17622868571379005340672441e-32
   890	    2.73065880928574963161269483e-32	    7.16995250702212192989445184e-32
   891	   -1.38356896560733856083944881e-32	    4.26937905909056562018918553e-32
   892	    1.03298425572749343491430112e-31	    1.40898179764888991066701744e-31
   893	    6.87420063277255308773917119e-32	   -3.74995179500452693305552960e-32
   894	    8.56257554850650775462366472e-32	    9.80715972466426723726455059e-32
   895	    1.10035388891676851832041331e-31	   -8.25398497828522005906004437e-32
   896	    2.61796732844499816291443131e-32	   -3.96380779115985091465632697e-33
   897	    2.80465004302249846754451483e-32	   -3.66182854952565263504607050e-32
   898	    8.07606085957487778842991513e-32	   -5.18152377617047133473256261e-33
   899	   -4.02017981085395328658709595e-32	   -1.26682746786997313689136107e-31
   900	   -1.78913865915596413310003366e-32	    5.55235170018226935849793529e-32
   901	   -3.90737684471192183967099745e-32	   -8.97675809871718688730399919e-32
   902	   -8.16330826566946999220479622e-32	    9.66632549667688782061809091e-32
   903	   -1.53302988458055596987470477e-33	    3.01161723603678468286685109e-32
   904	    2.71499152699925865027949230e-33	    6.69465240263668712281206459e-32
   905	   -6.42061543740168776719727097e-32	    3.17889416998784304674270623e-32
   906	    5.65509424699027368957774303e-32	    1.79506401621150017479042308e-31
   907	    4.43600803295970536838885475e-32	   -3.53593166616043992112259964e-33
   908	    6.81765101672491462172166423e-32	    1.56584943867692197219200302e-31
   909	    1.30155992598468453837778507e-31	   -3.09245111270322388165986730e-32
   910	    5.66803460362768014854127406e-32	    2.66191128148841049357571958e-32
   911	    4.69114946736063866598778389e-32	   -1.32329921182998095880715933e-32
   912	    1.30427850903622932015895176e-31	    3.01061450876636650571554289e-32
   913	    1.41754108635674385359909049e-32	   -1.43727046318673979247174053e-31
   914	    1.90911651942055092530048452e-32	    4.03059981176473379859850886e-32
   915	   -4.50408813509777874557043389e-33	   -1.37365651955522187040965789e-31
   916	   -8.61231449516172657131646863e-32	    4.83804412915069571211474146e-32
   917	   -2.16072362883641378112877337e-32	   -1.66823678225823172298640230e-33
   918	   -6.37153692351138896682003093e-33	    4.18558449812520938952936754e-32
   919	   -1.08481250246300992682344805e-31	   -1.29962344879071945873518817e-32
   920	   -1.14692058132212623392109452e-33	    1.88150799043007660668514477e-31
   921	   -2.24310874228830356282176342e-33	    3.97476766959538577847072475e-33
   922	    1.69852955425910393973148323e-32	    2.03692801887564862905991562e-31
   923	    1.17184628549895083719525125e-31	    2.48524205921353302573359901e-32
   924	    6.30724440179566671304618093e-32	    7.17905753906382137986573909e-32
   925	    4.14322843802905098860644238e-32	    2.65806133931919652727235361e-32
   926	    1.63242219536085042574000227e-31	    9.98478088044797577680910930e-32
   927	    6.87942421003999733534176739e-32	   -1.26336336812853009902097793e-31
   928	    6.95556126445346915338513966e-32	    6.12800348489968402658327670e-32
   929	    5.97371478697307018800408484e-32	   -1.61488984559699276178260697e-31
   930	   -5.69734556022410405005924049e-32	    8.41902179985687101501804072e-33
   931	   -1.39988749773764904828074616e-32	   -3.72598526460324880429304289e-32
   932	    1.59328490473369824099451023e-32	    1.05664353888385652369705388e-32
   933	   -1.25774007026831220784639389e-31	   -8.61712259647324118109008692e-32
   934	   -4.76307994636474369820072156e-32	    1.64864344649942565396775707e-31
   935	   -5.14105131893895634770997584e-32	   -2.83386193642072511564340994e-32
   936	   -5.69644400158097672916183391e-32	    2.20337627612885262255327492e-31
   937	    7.30477944133133348180780729e-32	    6.35748213104709356213175197e-32
   938	    4.10063866329195372448190205e-32	    1.12774876750017940988101735e-31
   939	   -4.79027079855539743952135920e-34	    6.39098685933633384160294598e-32
   940	    1.59904864251281064934018516e-31	    1.93113564885564572725181019e-31
   941	    1.00318252055876242316742700e-31	   -7.89477323921951168171105204e-32
   942	    1.09533564278175161263828789e-31	    1.27103629130361449486947572e-31
   943	    1.36714699975765539029375715e-31	   -1.45793494682311265044641824e-31
   944	   -2.83211085219773491218431198e-33	   -1.86897751128856540600398656e-33
   945	    1.88878965980493792775180484e-32	   -5.55251413483515639367782144e-32
   946	    7.62547367112062563592374041e-32	   -2.56577399309347371569254999e-33
   947	   -1.00427196569813736819936873e-31	   -1.70239192624116970993854376e-31
   948	   -6.06194453953466790679217128e-32	    1.22762376667435553932246570e-31
   949	   -7.66765991193362138006737145e-32	   -1.01516620269991306821802985e-31
   950	   -1.32158024483055897182420767e-31	    1.96571550332150725009095819e-31
   951	    1.24774542779055145462528523e-32	    6.77440654891229177966257303e-32
   952	   -9.86975870741423379031720549e-35	    1.30242258661584159440491701e-31
   953	   -7.92097662742302948075306692e-32	    7.25756952212660302965566068e-32
   954	    1.09708948234954566342253095e-31	    2.89450324937113879424468828e-31
   955	    8.92145496521149885373902846e-32	   -2.07970737177352932312132035e-32
   956	    1.11480454387850108042759579e-31	    2.33407423072351737635778017e-31
   957	    2.01552602244613564411788841e-31	   -8.53001825661994365193845180e-32
   958	    5.60218412075612578243072582e-32	    3.23334959687383828452710887e-32
   959	    6.01849925637781110719693161e-32	   -3.80108746077810794232931757e-32
   960	    1.67804788348529038870420835e-31	    3.21607431251536250607917161e-32
   961	   -2.82882935056022659515412462e-32	   -2.40269256519572107011802251e-31
   962	   -2.55815090007943981847267985e-32	    9.01449058865705304753102601e-32
   963	   -5.15447864578107540841152354e-32	   -2.02483054995223653473150445e-31
   964	   -1.82690642074214772178989245e-31	    1.36911628810645440256973902e-31
   965	   -4.05570343898531421731035261e-32	    3.03964944912497279650220024e-32
   966	   -3.68444913902821355605245174e-32	    1.12667927588016682194512014e-31
   967	   -1.81438794124809819822350606e-31	    2.48004247763002817550961539e-32
   968	    1.50060589347895158887958967e-32	    3.66085524495578631178814545e-31
   969	    2.67131800684273684060923388e-32	    1.61172512308759018239315577e-32
   970	    5.04338852858251444998465906e-32	    3.64369910353721526740227335e-31
   971	    2.28403261853124605451268776e-31	    1.09990669207626073858474825e-32
   972	    9.26204897338004013856806958e-32	    1.15029979806932991409873120e-31
   973	    7.95325097825882898834681860e-32	    2.40464505916055551642988479e-32
   974	    2.70323072124563309871859009e-31	    1.46449016767798644762306665e-31
   975	    8.08362459249334595381623550e-32	   -2.71442556057553474503657968e-31
   976	    5.84080787453136815886894432e-32	    1.09364005451437874302481647e-31
   977	    4.58401236320025993235654638e-32	   -3.06943381746073357306646994e-31
   978	   -1.85762969919903230584235020e-31	    6.24058195285405470913669431e-32
   979	   -5.89793051438148482354131567e-32	   -4.13034223482776620040733923e-32
   980	   -3.35179320925207655998403189e-32	    6.42337096960561196384713140e-32
   981	   -2.82596194145601372321693545e-31	   -1.06985928387526729315735537e-31
   982	   -1.09665408187394555854573045e-31	    4.08608880324467897689195929e-31
   983	   -8.18296197872198789659500543e-32	   -1.12425375223270860905066920e-32
   984	   -9.57055389815106951636836367e-32	    5.00800425732316037321052981e-31
   985	    1.96414102272905526444960265e-31	    1.22487170926130478074931493e-31
   986	    7.82792139725131725937680559e-32	    2.41698196497902559648757990e-31
   987	    3.19854028144409064674924611e-32	    1.25985925011206417258709733e-31
   988	    3.53155012398219371623703831e-31	    3.83052440974173323890459662e-31
   989	    2.06606859372099585243181000e-31	   -2.46822004578539720163249637e-31
   990	    1.76495813670548558718998807e-31	    2.44949683874736085384547209e-31
   991	    2.38525714632407587587689034e-31	   -3.85863890444864010488164131e-31
   992	   -1.26789882226722877828331729e-31	    1.25204587496699519901501391e-32
   993	   -1.66214925989675225328921630e-32	   -1.26713305885691456666746941e-31
   994	    6.37529075296582230036552902e-32	    1.44367519149039381302580639e-32
   995	   -3.52319115768510312831534258e-31	   -3.68434762701529952779815585e-31
   996	   -2.48789517765937249375393364e-31	    4.27968564040671667960744134e-31
   997	   -2.19964725436956511708724388e-31	   -1.71365520173230879937355743e-31
   998	   -3.70987279700966759762246371e-31	    6.40489803408184336738523140e-31
   999	    8.63304619062989265485476035e-32	    2.24403717510456134036609313e-31
  1000	   -2.51969076432029746401830534e-32	    4.18497531054112864036721210e-31
  1001	   -1.71786350764201345291142952e-31	    2.51778137585936064151409993e-31
  1002	    3.71838764129505778612046358e-31	    8.70333896949759143615391829e-31
  1003	    3.34307187749705617016540328e-31	   -1.61189427020898941237905544e-31
  1004	    2.94921415026963524494777242e-31	    6.59282325984773556047920625e-31
  1005	    6.07275983851938315603392516e-31	   -4.11449585593507338491032716e-31
  1006	    3.74708915150971654073353628e-33	    7.30678778629379729466132746e-32
  1007	    1.29572105453502694981070272e-31	   -1.93791399155689458462658513e-31
  1008	    4.00980384297762135273135298e-31	    6.38659121898620910973931483e-32
  1009	   -3.54778742501752671491450387e-31	   -9.85383715543937019063762033e-31
  1010	   -4.68492529780221183037404081e-31	    5.32683292079125142556134117e-31
  1011	   -3.82377579288136688099098210e-31	   -7.11739986072718817584878328e-31
  1012	   -1.08197641542925029585619137e-30	    9.05688360717386666050407119e-31
  1013	   -1.99869001912093028704895534e-31	    3.06785586204462767506023085e-31
  1014	   -4.47278304950703055566910277e-31	    8.19197667188304568288168133e-31
  1015	   -1.08289523334887487402948406e-30	    3.95452837279867532049005988e-31
  1016	    5.59074530173738714847734475e-32	    2.80594994082050072851727173e-30
  1017	    7.19919415026419820149942735e-31	    4.55986076642407057082103182e-33
  1018	    5.52095725749541956153971833e-32	    2.76832819647613838736144029e-30
  1019	    2.25631366390629560572608784e-30	   -3.14012422202731973989297102e-31
  1020	   -3.30735715991273342120694152e-31	    1.23116962464332078303964191e-30
  1021	    1.13700274009594701608685418e-30	   -8.46031498541568088055498389e-32
  1022	   -3.08712534342944733130049702e-31	    3.37373788978722619489923584e-30
  1023	    4.97571144772123497723772467e-30	   -5.12000000000000000000000000e+02
